14 
34
0 1 808.00
0 9 2060.00  
1 0 808.00
1 2 414.00
1 8 2257.00  
2 1 414.00
2 3 272.00
2 6 1440.00  
3 2 272.00
3 9 1780.00  
4 8 1771.00  
5 7 792.00  
6 2 1440.00
6 7 949.00
6 10 571.00
6 11 1614.00  
7 5 792.00
7 6 949.00
7 11 1217.00  
8 1 2257.00
8 4 1771.00
8 12 811.00  
9 0 2060.00
9 3 1780.00
9 10 948.00
9 13 1423.00  
10 6 571.00
10 9 948.00  
11 6 1614.00
11 7 1217.00
11 12 237.00  
12 8 811.00
12 11 237.00  
13 9 1423.00  